6000	3210	5	68	5	3	4747818	6000
32	32	1	4446	0	5768	2014	1
8	8	1	5768	0	5947	1702	1
34	34	1	4446	2014	5647	3152	1
14	14	1	5647	2014	5939	3171	1
60	60	1	0	0	2268	795	2
57	57	1	0	795	2268	1590	2
62	62	1	0	1590	2268	2385	2
56	56	1	0	2385	2268	3180	2
58	58	1	2268	0	4536	795	2
63	63	1	2268	795	4536	1590	2
59	59	1	2268	1590	4536	2385	2
61	61	1	2268	2385	4536	3180	2
10	10	1	4536	0	5947	633	2
46	46	1	4536	633	5231	2683	2
42	42	1	5231	633	5926	2683	2
11	11	1	4536	2683	5741	2863	2
13	13	1	4536	2863	5693	3154	2
1	1	1	0	0	2061	608	3
33	33	1	0	608	2041	1560	3
39	39	1	0	1560	1214	2491	3
20	20	1	1214	1560	2064	2449	3
43	43	1	0	2491	2050	3186	3
40	40	1	2084	0	3015	1214	3
37	37	1	2084	1214	3015	2428	3
17	17	1	2084	2428	2974	2563	3
21	21	1	2084	2563	2935	3120	3
64	64	1	3015	25	3889	1928	3
19	19	1	3015	1928	3904	3146	3
45	45	1	3924	0	5974	695	3
30	30	1	3924	695	5967	1315	3
49	49	1	3924	1315	5974	2010	3
53	53	1	3924	2010	5793	2878	3
7	7	1	3924	2878	5935	3057	3
16	16	1	3924	3057	5782	3180	3
47	47	1	0	0	2050	695	4
44	44	1	0	695	2050	1390	4
48	48	1	0	1390	2050	2085	4
35	35	1	0	2085	1214	3016	4
54	54	1	1214	2085	1904	3185	4
3	3	1	2050	0	4080	674	4
27	27	1	2050	674	2858	1888	4
36	36	1	2858	674	3789	1888	4
15	15	1	3789	674	4081	1831	4
38	38	1	2050	1888	2981	3102	4
29	29	1	2981	1888	3996	3073	4
65	65	1	4101	0	5835	577	4
9	9	1	4101	577	5967	1397	4
51	51	1	4101	1397	5946	2265	4
52	52	1	4101	2265	5970	3133	4
50	50	1	0	0	1826	776	5
66	66	1	0	776	1718	1353	5
67	67	1	0	1353	1718	1930	5
25	25	1	0	1930	808	3144	5
28	28	1	808	1930	1616	3144	5
4	4	1	1826	0	3283	737	5
23	23	1	1826	737	3040	1668	5
2	2	1	1826	1668	2588	3063	5
22	22	1	2588	1668	3216	3122	5
0	0	1	3283	0	3916	1411	5
6	6	1	3283	1411	3872	2606	5
26	26	1	3916	0	4724	1214	5
24	24	1	4724	0	5532	1214	5
31	31	1	5532	0	5965	834	5
5	5	1	3916	1214	4420	1951	5
18	18	1	4420	1214	5816	1927	5
41	41	1	3916	1951	4590	3135	5
55	55	1	4590	1951	5264	3135	5
12	12	1	5264	1951	5966	3078	5
61	772	1	1	0
3087	19	3	1	2
3087	24	2	1	2
2910	3203	1	1	2
5570	1012	2	4	4
0	1
2	3
4	1
